4.838920000001650834e+01 2.233391999999308268e+02 4.381371999998536921e+02 1.218625999999591158e+03 1.756231999999396294e+03
4.750440000001497509e+01 2.202347999999370245e+02 4.326815999998683537e+02 1.205303599999622975e+03 1.735436399999459582e+03
4.643880000001348662e+01 2.152807999999453727e+02 4.241339999998878625e+02 1.183216799999655223e+03 1.703571999999536729e+03
4.507560000001158329e+01 2.087691999999538552e+02 4.108779999999098322e+02 1.147090399999699230e+03 1.657433599999658327e+03
4.355560000000993170e+01 2.001691999999637517e+02 3.938271999999373065e+02 1.100877199999722734e+03 1.589875399999799583e+03
4.169320000000774940e+01 1.888755999999747530e+02 3.713871999999623199e+02 1.038925199999727056e+03 1.494611199999928431e+03
3.998000000000588017e+01 1.759311999999853526e+02 3.420531999999813593e+02 9.492779999997733285e+02 1.361118400000024621e+03
3.765840000000378751e+01 1.593783999999974128e+02 3.069067999999960534e+02 8.322275999998377074e+02 1.189080000000066775e+03
3.577480000000186777e+01 1.444348000000049410e+02 2.690784000000009542e+02 6.938987999999119438e+02 9.715010000000362425e+02
3.366880000000020345e+01 1.274884000000133426e+02 2.303240000000002681e+02 5.510899999999818419e+02 7.522034000000188598e+02
