4.842559999999537723e+01 2.233487999999785814e+02 4.384447999999451895e+02 1.218403199999931076e+03 1.755307999999779895e+03
4.750239999999563167e+01 2.204399999999808699e+02 4.331103999999490384e+02 1.204916799999936757e+03 1.737715199999799552e+03
4.643199999999588812e+01 2.149663999999839064e+02 4.242415999999545306e+02 1.181535999999947762e+03 1.703801599999827658e+03
4.501599999999627499e+01 2.092495999999868275e+02 4.108415999999608630e+02 1.147363199999963854e+03 1.656660799999862093e+03
4.361919999999646080e+01 2.005071999999897514e+02 3.927599999999688407e+02 1.098790399999980082e+03 1.587697599999890826e+03
4.176959999999680662e+01 1.900223999999933255e+02 3.707583999999760636e+02 1.043382399999996096e+03 1.497427999999916892e+03
3.932319999999713644e+01 1.761119999999959589e+02 3.427839999999842462e+02 9.514960000000023683e+02 1.356080799999948567e+03
3.766239999999722698e+01 1.612543999999985260e+02 3.059487999999924455e+02 8.355504000000023552e+02 1.198101599999972905e+03
3.546399999999742647e+01 1.444127999999995495e+02 2.702511999999997556e+02 6.936592000000046028e+02 9.661815999999962514e+02
3.357439999999744629e+01 1.275663999999998310e+02 2.295456000000012295e+02 5.579952000000095040e+02 7.483959999999934780e+02
